#         t          x          y          z         vx         vy         vz
      0.000    -98.600   -119.990   -127.780    -28.430    173.920     93.230
      0.100   -101.050   -102.229   -118.014    -20.580    181.304    102.085
      0.200   -102.619    -83.722   -107.306    -10.784    188.825    112.080
      0.300   -103.078    -64.470    -95.532      1.596    196.223    123.398
      0.400   -102.126    -44.510    -82.553     17.442    202.976    136.191
      0.500    -99.358    -23.958    -68.220     37.927    208.071    150.468
      0.600    -94.240     -3.073    -52.406     64.436    209.620    165.802
      0.700    -86.118     17.626    -35.080     98.005    204.353    180.728
      0.800    -74.337     37.227    -16.451    137.602    187.683    191.837
      0.900    -58.590     54.427      2.835    177.343    156.312    193.888
      1.000    -39.376     67.942     21.659    206.943    113.979    182.604
      1.100    -17.994     77.164     38.899    220.700     70.473    162.185
      1.200      4.095     82.336     53.933    221.063     32.968    138.498
      1.300     25.806     84.152     66.631    213.175      3.340    115.458
      1.400     46.517     83.353     77.134    201.029    -19.306     94.606
      1.500     65.917     80.564     85.675    186.973    -36.482     76.221
      1.600     83.878     76.263     92.492    172.247    -49.531     60.106
      1.700    100.363     70.813     97.794    157.466    -59.472     45.938
      1.800    115.383     64.487    101.761    142.923    -67.043     33.403
      1.900    128.966     57.497    104.542    128.739    -72.774     22.228
      2.000    141.150     50.006    106.263    114.950    -77.045     12.190
      2.100    151.975     42.147    107.028    101.549    -80.134      3.110
      2.200    161.478     34.028    106.926     88.506    -82.241     -5.157
      2.300    169.693     25.740    106.032     75.784    -83.516    -12.726
      2.400    176.649     17.361    104.411     63.341    -84.071    -19.689
      2.500    182.373      8.958    102.121     51.134    -83.988    -26.121
      2.600    186.885      0.592     99.210     39.121    -83.328    -32.085
      2.700    190.204     -7.681     95.725     27.261    -82.139    -37.631
      2.800    192.343    -15.811     91.703     15.511    -80.452    -42.803
      2.900    193.310    -23.748     87.181      3.826    -78.289    -47.639
      3.000    193.109    -31.445     82.190     -7.845    -75.658    -52.170
      3.100    191.739    -38.856     76.761    -19.555    -72.558    -56.424
      3.200    189.193    -45.932     70.918    -31.367    -68.970    -60.423
      3.300    185.457    -52.624     64.688    -43.354    -64.860    -64.184
      3.400    180.509    -58.875     58.093    -55.594    -60.172    -67.714
      3.500    174.321    -64.625     51.157    -68.179    -54.826    -71.009
      3.600    166.851    -69.802     43.904    -81.212    -48.708    -74.054
      3.700    158.050    -74.321     36.360    -94.812    -41.664    -76.813
      3.800    147.854    -78.078     28.559   -109.114    -33.478    -79.222
      3.900    136.184    -80.944     20.539   -124.276    -23.855    -81.178
      4.000    122.946    -82.756     12.354   -140.476    -12.373    -82.509
      4.100    108.027    -83.296      4.082   -157.905      1.580    -82.930
      4.200     91.295    -82.270     -4.155   -176.737     18.924    -81.826
      4.300     72.610    -79.272    -12.159   -196.971     41.039    -78.250
      4.400     51.855    -73.714    -19.603   -218.128     70.118    -70.628
      4.500     29.043    -64.733    -25.917   -238.109    109.503    -55.645
      4.600      4.655    -51.109    -30.044   -249.652    162.992    -26.897
      4.700    -19.445    -31.639    -30.193   -232.344    226.407     23.913
      4.800    -39.253     -7.139    -24.741   -163.825    263.581     85.126
      4.900    -51.480     18.453    -14.502    -80.720    248.260    119.656
      5.000    -56.473     41.376     -2.139    -19.123    210.199    127.610
      5.100    -56.334     60.369     10.329     21.887    169.661    121.746
      5.200    -52.774     75.449     21.963     49.315    131.940    110.934
      5.300    -46.907     86.921     32.405     68.035     97.505     97.904
      5.400    -39.464     95.089     41.486     80.817     65.864     83.715
      5.500    -30.961    100.203     49.110     89.245     36.411     68.764
      5.600    -21.787    102.455     55.206     94.239      8.618     53.166
      5.700    -12.258    101.987     59.710     96.339    -17.967     36.897
      5.800     -2.649     98.900     62.545     95.839    -43.777     19.822
      5.900      6.783     93.247     63.620     92.807    -69.286      1.663
      6.000     15.773     85.031     62.800     86.988    -95.037    -18.063
      6.100     24.004     74.199     59.891     77.631   -121.606    -40.117
      6.200     31.043     60.641     54.602     63.150   -149.536    -65.660
      6.300     36.216     44.211     46.493     40.308   -179.073    -96.512
      6.400     38.333     24.809     34.892      2.024   -208.960   -135.509
      6.500     35.002      2.864     18.842    -68.624   -229.942   -185.493
      6.600     21.664    -18.124     -1.805   -198.144   -189.820   -227.454
      6.700     -0.611    -30.838    -21.147   -247.355    -64.467   -159.375
      6.800    -23.716    -33.646    -33.751   -214.745      8.320    -92.709
      6.900    -42.922    -30.883    -40.620   -169.378     46.928    -44.664
      7.000    -57.571    -25.105    -43.274   -123.611     68.636     -8.420
      7.100    -67.689    -17.646    -42.670    -78.735     80.541     20.497
      7.200    -73.334     -9.338    -39.422    -34.160     85.616     44.471
      7.300    -74.487     -0.799    -33.954     11.088     85.162     64.874
      7.400    -70.996      7.434    -26.573     58.735     79.512     82.745
      7.500    -62.457     14.773    -17.505    112.048     67.262     98.629
      7.600    -48.022     20.292     -6.999    176.641     43.121    111.495
      7.700    -26.061     21.918      4.259    262.580    -10.600    113.664
      7.800      4.469     13.704     11.733    348.029   -153.692     35.803
      7.900     31.807     -3.701     10.177    198.731   -194.390    -66.921
      8.000     46.432    -21.300      2.599     93.764   -157.603    -84.627
      8.100     52.323    -34.922     -5.580     24.058   -114.834    -78.959
      8.200     52.138    -44.263    -12.839    -27.752    -71.987    -66.216
      8.300     47.292    -49.275    -18.588    -69.179    -28.242    -48.763
      8.400     38.642    -49.797    -22.370   -103.809     17.796    -26.889
      8.500     26.710    -45.416    -23.662   -134.838     69.823      1.049
      8.600     11.833    -35.068    -21.500   -162.695    137.134     42.200
      8.700     -4.947    -15.975    -13.257   -172.912    244.734    122.667
      8.800    -10.360     13.967      8.905     64.656    354.097    320.572
      8.900     -2.957     44.771     37.152     83.391    261.989    244.352
      9.000      5.286     68.707     59.617     81.480    216.730    204.945
      9.100     13.236     88.935     78.824     77.525    187.822    179.206
      9.200     20.788    106.671     95.801     73.510    166.904    160.328
      9.300     27.952    122.548    111.092     69.769    150.633    145.505
      9.400     34.757    136.948    125.034     66.339    137.365    133.330
      9.500     41.234    150.125    137.851     63.191    126.179    123.007
      9.600     47.408    162.259    149.704     60.286    116.512    114.043
      9.700     53.302    173.485    160.711     57.589    107.996    106.113
      9.800     58.934    183.904    170.967     55.067    100.378     98.995
      9.900     64.322    193.596    180.543     52.695     93.479     92.527
     10.000     69.480    202.629    189.499     50.451     87.164     86.590
     10.100     74.418    211.053    197.883     48.318     81.333     81.093
